-7.352941	-7.352941	12.500327
-7.352941	-7.058824	12.570705
-7.352941	-6.764706	12.639538
-7.352941	-6.470588	12.706731
-7.352941	-6.176471	12.772178
-7.352941	-5.882353	12.835769
-7.352941	-5.588235	12.897385
-7.352941	-5.294118	12.956906
-7.352941	-5.000000	13.014204
-7.352941	-4.705882	13.069151
-7.352941	-4.411765	13.121616
-7.352941	-4.117647	13.171468
-7.352941	-3.823529	13.218573
-7.352941	-3.529412	13.262804
-7.352941	-3.235294	13.304034
-7.352941	-2.941176	13.342140
-7.352941	-2.647059	13.377006
-7.352941	-2.352941	13.408523
-7.352941	-2.058824	13.436587
-7.352941	-1.764706	13.461108
-7.352941	-1.470588	13.482001
-7.352941	-1.176471	13.499197
-7.352941	-0.882353	13.512634
-7.352941	-0.588235	13.522266
-7.352941	-0.294118	13.528059
-7.352941	-0.000000	13.529992
-7.352941	0.294118	13.528059
-7.352941	0.588235	13.522266
-7.352941	0.882353	13.512634
-7.352941	1.176471	13.499197
-7.352941	1.470588	13.482001
-7.352941	1.764706	13.461108
-7.352941	2.058824	13.436587
-7.352941	2.352941	13.408523
-7.352941	2.647059	13.377006
-7.352941	2.941176	13.342140
-7.352941	3.235294	13.304034
-7.352941	3.529412	13.262804
-7.352941	3.823529	13.218573
-7.352941	4.117647	13.171468
-7.352941	4.411765	13.121616
-7.352941	4.705882	13.069151
-7.352941	5.000000	13.014204
-7.352941	5.294118	12.956906
-7.352941	5.588235	12.897385
-7.352941	5.882353	12.835769
-7.352941	6.176471	12.772178
-7.352941	6.470588	12.706731
-7.352941	6.764706	12.639538
-7.352941	7.058824	12.570705
-7.352941	7.352941	12.500327

-7.058824	-7.352941	12.535907
-7.058824	-7.058824	12.604723
-7.058824	-6.764706	12.672034
-7.058824	-6.470588	12.737747
-7.058824	-6.176471	12.801762
-7.058824	-5.882353	12.863972
-7.058824	-5.588235	12.924263
-7.058824	-5.294118	12.982516
-7.058824	-5.000000	13.038608
-7.058824	-4.705882	13.092412
-7.058824	-4.411765	13.143798
-7.058824	-4.117647	13.192637
-7.058824	-3.823529	13.238799
-7.058824	-3.529412	13.282154
-7.058824	-3.235294	13.322578
-7.058824	-2.941176	13.359947
-7.058824	-2.647059	13.394147
-7.058824	-2.352941	13.425068
-7.058824	-2.058824	13.452607
-7.058824	-1.764706	13.476672
-7.058824	-1.470588	13.497181
-7.058824	-1.176471	13.514061
-7.058824	-0.882353	13.527254
-7.058824	-0.588235	13.536712
-7.058824	-0.294118	13.542400
-7.058824	-0.000000	13.544298
-7.058824	0.294118	13.542400
-7.058824	0.588235	13.536712
-7.058824	0.882353	13.527254
-7.058824	1.176471	13.514061
-7.058824	1.470588	13.497181
-7.058824	1.764706	13.476672
-7.058824	2.058824	13.452607
-7.058824	2.352941	13.425068
-7.058824	2.647059	13.394147
-7.058824	2.941176	13.359947
-7.058824	3.235294	13.322578
-7.058824	3.529412	13.282154
-7.058824	3.823529	13.238799
-7.058824	4.117647	13.192637
-7.058824	4.411765	13.143798
-7.058824	4.705882	13.092412
-7.058824	5.000000	13.038608
-7.058824	5.294118	12.982516
-7.058824	5.588235	12.924263
-7.058824	5.882353	12.863972
-7.058824	6.176471	12.801762
-7.058824	6.470588	12.737747
-7.058824	6.764706	12.672034
-7.058824	7.058824	12.604723
-7.058824	7.352941	12.535907

-6.764706	-7.352941	12.572906
-6.764706	-7.058824	12.640245
-6.764706	-6.764706	12.706125
-6.764706	-6.470588	12.770459
-6.764706	-6.176471	12.833149
-6.764706	-5.882353	12.894092
-6.764706	-5.588235	12.953177
-6.764706	-5.294118	13.010287
-6.764706	-5.000000	13.065299
-6.764706	-4.705882	13.118089
-6.764706	-4.411765	13.168528
-6.764706	-4.117647	13.216485
-6.764706	-3.823529	13.261831
-6.764706	-3.529412	13.304437
-6.764706	-3.235294	13.344176
-6.764706	-2.941176	13.380925
-6.764706	-2.647059	13.414569
-6.764706	-2.352941	13.444995
-6.764706	-2.058824	13.472102
-6.764706	-1.764706	13.495794
-6.764706	-1.470588	13.515990
-6.764706	-1.176471	13.532616
-6.764706	-0.882353	13.545611
-6.764706	-0.588235	13.554929
-6.764706	-0.294118	13.560533
-6.764706	-0.000000	13.562403
-6.764706	0.294118	13.560533
-6.764706	0.588235	13.554929
-6.764706	0.882353	13.545611
-6.764706	1.176471	13.532616
-6.764706	1.470588	13.515990
-6.764706	1.764706	13.495794
-6.764706	2.058824	13.472102
-6.764706	2.352941	13.444995
-6.764706	2.647059	13.414569
-6.764706	2.941176	13.380925
-6.764706	3.235294	13.344176
-6.764706	3.529412	13.304437
-6.764706	3.823529	13.261831
-6.764706	4.117647	13.216485
-6.764706	4.411765	13.168528
-6.764706	4.705882	13.118089
-6.764706	5.000000	13.065299
-6.764706	5.294118	13.010287
-6.764706	5.588235	12.953177
-6.764706	5.882353	12.894092
-6.764706	6.176471	12.833149
-6.764706	6.470588	12.770459
-6.764706	6.764706	12.706125
-6.764706	7.058824	12.640245
-6.764706	7.352941	12.572906

-6.470588	-7.352941	12.611283
-6.470588	-7.058824	12.677225
-6.470588	-6.764706	12.741763
-6.470588	-6.470588	12.804813
-6.470588	-6.176471	12.866283
-6.470588	-5.882353	12.926070
-6.470588	-5.588235	12.984066
-6.470588	-5.294118	13.040154
-6.470588	-5.000000	13.094213
-6.470588	-4.705882	13.146118
-6.470588	-4.411765	13.195739
-6.470588	-4.117647	13.242945
-6.470588	-3.823529	13.287604
-6.470588	-3.529412	13.329587
-6.470588	-3.235294	13.368764
-6.470588	-2.941176	13.405011
-6.470588	-2.647059	13.438209
-6.470588	-2.352941	13.468244
-6.470588	-2.058824	13.495012
-6.470588	-1.764706	13.518416
-6.470588	-1.470588	13.538371
-6.470588	-1.176471	13.554803
-6.470588	-0.882353	13.567649
-6.470588	-0.588235	13.576861
-6.470588	-0.294118	13.582402
-6.470588	-0.000000	13.584252
-6.470588	0.294118	13.582402
-6.470588	0.588235	13.576861
-6.470588	0.882353	13.567649
-6.470588	1.176471	13.554803
-6.470588	1.470588	13.538371
-6.470588	1.764706	13.518416
-6.470588	2.058824	13.495012
-6.470588	2.352941	13.468244
-6.470588	2.647059	13.438209
-6.470588	2.941176	13.405011
-6.470588	3.235294	13.368764
-6.470588	3.529412	13.329587
-6.470588	3.823529	13.287604
-6.470588	4.117647	13.242945
-6.470588	4.411765	13.195739
-6.470588	4.705882	13.146118
-6.470588	5.000000	13.094213
-6.470588	5.294118	13.040154
-6.470588	5.588235	12.984066
-6.470588	5.882353	12.926070
-6.470588	6.176471	12.866283
-6.470588	6.470588	12.804813
-6.470588	6.764706	12.741763
-6.470588	7.058824	12.677225
-6.470588	7.352941	12.611283

-6.176471	-7.352941	12.650987
-6.176471	-7.058824	12.715606
-6.176471	-6.764706	12.778886
-6.176471	-6.470588	12.840747
-6.176471	-6.176471	12.901098
-6.176471	-5.882353	12.959839
-6.176471	-5.588235	13.016861
-6.176471	-5.294118	13.072050
-6.176471	-5.000000	13.125281
-6.176471	-4.705882	13.176430
-6.176471	-4.411765	13.225364
-6.176471	-4.117647	13.271950
-6.176471	-3.823529	13.316054
-6.176471	-3.529412	13.357543
-6.176471	-3.235294	13.396283
-6.176471	-2.941176	13.432147
-6.176471	-2.647059	13.465012
-6.176471	-2.352941	13.494762
-6.176471	-2.058824	13.521287
-6.176471	-1.764706	13.544489
-6.176471	-1.470588	13.564278
-6.176471	-1.176471	13.580578
-6.176471	-0.882353	13.593324
-6.176471	-0.588235	13.602466
-6.176471	-0.294118	13.607966
-6.176471	-0.000000	13.609801
-6.176471	0.294118	13.607966
-6.176471	0.588235	13.602466
-6.176471	0.882353	13.593324
-6.176471	1.176471	13.580578
-6.176471	1.470588	13.564278
-6.176471	1.764706	13.544489
-6.176471	2.058824	13.521287
-6.176471	2.352941	13.494762
-6.176471	2.647059	13.465012
-6.176471	2.941176	13.432147
-6.176471	3.235294	13.396283
-6.176471	3.529412	13.357543
-6.176471	3.823529	13.316054
-6.176471	4.117647	13.271950
-6.176471	4.411765	13.225364
-6.176471	4.705882	13.176430
-6.176471	5.000000	13.125281
-6.176471	5.294118	13.072050
-6.176471	5.588235	13.016861
-6.176471	5.882353	12.959839
-6.176471	6.176471	12.901098
-6.176471	6.470588	12.840747
-6.176471	6.764706	12.778886
-6.176471	7.058824	12.715606
-6.176471	7.352941	12.650987

-5.882353	-7.352941	12.691957
-5.882353	-7.058824	12.755323
-5.882353	-6.764706	12.817427
-5.882353	-6.470588	12.878189
-5.882353	-6.176471	12.937522
-5.882353	-5.882353	12.995325
-5.882353	-5.588235	13.051490
-5.882353	-5.294118	13.105900
-5.882353	-5.000000	13.158432
-5.882353	-4.705882	13.208956
-5.882353	-4.411765	13.257337
-5.882353	-4.117647	13.303438
-5.882353	-3.823529	13.347121
-5.882353	-3.529412	13.388247
-5.882353	-3.235294	13.426679
-5.882353	-2.941176	13.462283
-5.882353	-2.647059	13.494933
-5.882353	-2.352941	13.524505
-5.882353	-2.058824	13.550887
-5.882353	-1.764706	13.573975
-5.882353	-1.470588	13.593676
-5.882353	-1.176471	13.609909
-5.882353	-0.882353	13.622606
-5.882353	-0.588235	13.631715
-5.882353	-0.294118	13.637195
-5.882353	-0.000000	13.639025
-5.882353	0.294118	13.637195
-5.882353	0.588235	13.631715
-5.882353	0.882353	13.622606
-5.882353	1.176471	13.609909
-5.882353	1.470588	13.593676
-5.882353	1.764706	13.573975
-5.882353	2.058824	13.550887
-5.882353	2.352941	13.524505
-5.882353	2.647059	13.494933
-5.882353	2.941176	13.462283
-5.882353	3.235294	13.426679
-5.882353	3.529412	13.388247
-5.882353	3.823529	13.347121
-5.882353	4.117647	13.303438
-5.882353	4.411765	13.257337
-5.882353	4.705882	13.208956
-5.882353	5.000000	13.158432
-5.882353	5.294118	13.105900
-5.882353	5.588235	13.051490
-5.882353	5.882353	12.995325
-5.882353	6.176471	12.937522
-5.882353	6.470588	12.878189
-5.882353	6.764706	12.817427
-5.882353	7.058824	12.755323
-5.882353	7.352941	12.691957

-5.588235	-7.352941	12.734121
-5.588235	-7.058824	12.796302
-5.588235	-6.764706	12.857307
-5.588235	-6.470588	12.917060
-5.588235	-6.176471	12.975473
-5.588235	-5.882353	13.032447
-5.588235	-5.588235	13.087872
-5.588235	-5.294118	13.141629
-5.588235	-5.000000	13.193591
-5.588235	-4.705882	13.243624
-5.588235	-4.411765	13.291590
-5.588235	-4.117647	13.337345
-5.588235	-3.823529	13.380745
-5.588235	-3.529412	13.421645
-5.588235	-3.235294	13.459902
-5.588235	-2.941176	13.495376
-5.588235	-2.647059	13.527932
-5.588235	-2.352941	13.557441
-5.588235	-2.058824	13.583784
-5.588235	-1.764706	13.606851
-5.588235	-1.470588	13.626544
-5.588235	-1.176471	13.642778
-5.588235	-0.882353	13.655480
-5.588235	-0.588235	13.664594
-5.588235	-0.294118	13.670079
-5.588235	-0.000000	13.671910
-5.588235	0.294118	13.670079
-5.588235	0.588235	13.664594
-5.588235	0.882353	13.655480
-5.588235	1.176471	13.642778
-5.588235	1.470588	13.626544
-5.588235	1.764706	13.606851
-5.588235	2.058824	13.583784
-5.588235	2.352941	13.557441
-5.588235	2.647059	13.527932
-5.588235	2.941176	13.495376
-5.588235	3.235294	13.459902
-5.588235	3.529412	13.421645
-5.588235	3.823529	13.380745
-5.588235	4.117647	13.337345
-5.588235	4.411765	13.291590
-5.588235	4.705882	13.243624
-5.588235	5.000000	13.193591
-5.588235	5.294118	13.141629
-5.588235	5.588235	13.087872
-5.588235	5.882353	13.032447
-5.588235	6.176471	12.975473
-5.588235	6.470588	12.917060
-5.588235	6.764706	12.857307
-5.588235	7.058824	12.796302
-5.588235	7.352941	12.734121

-5.294118	-7.352941	12.777395
-5.294118	-7.058824	12.838454
-5.294118	-6.764706	12.898437
-5.294118	-6.470588	12.957268
-5.294118	-6.176471	13.014862
-5.294118	-5.882353	13.071116
-5.294118	-5.588235	13.125920
-5.294118	-5.294118	13.179151
-5.294118	-5.000000	13.230677
-5.294118	-4.705882	13.280360
-5.294118	-4.411765	13.328053
-5.294118	-4.117647	13.373607
-5.294118	-3.823529	13.416869
-5.294118	-3.529412	13.457688
-5.294118	-3.235294	13.495910
-5.294118	-2.941176	13.531388
-5.294118	-2.647059	13.563979
-5.294118	-2.352941	13.593545
-5.294118	-2.058824	13.619959
-5.294118	-1.764706	13.643104
-5.294118	-1.470588	13.662875
-5.294118	-1.176471	13.679180
-5.294118	-0.882353	13.691944
-5.294118	-0.588235	13.701105
-5.294118	-0.294118	13.706619
-5.294118	-0.000000	13.708461
-5.294118	0.294118	13.706619
-5.294118	0.588235	13.701105
-5.294118	0.882353	13.691944
-5.294118	1.176471	13.679180
-5.294118	1.470588	13.662875
-5.294118	1.764706	13.643104
-5.294118	2.058824	13.619959
-5.294118	2.352941	13.593545
-5.294118	2.647059	13.563979
-5.294118	2.941176	13.531388
-5.294118	3.235294	13.495910
-5.294118	3.529412	13.457688
-5.294118	3.823529	13.416869
-5.294118	4.117647	13.373607
-5.294118	4.411765	13.328053
-5.294118	4.705882	13.280360
-5.294118	5.000000	13.230677
-5.294118	5.294118	13.179151
-5.294118	5.588235	13.125920
-5.294118	5.882353	13.071116
-5.294118	6.176471	13.014862
-5.294118	6.470588	12.957268
-5.294118	6.764706	12.898437
-5.294118	7.058824	12.838454
-5.294118	7.352941	12.777395

-5.000000	-7.352941	12.821683
-5.000000	-7.058824	12.881681
-5.000000	-6.764706	12.940715
-5.000000	-6.470588	12.998713
-5.000000	-6.176471	13.055587
-5.000000	-5.882353	13.111235
-5.000000	-5.588235	13.165540
-5.000000	-5.294118	13.218377
-5.000000	-5.000000	13.269607
-5.000000	-4.705882	13.319084
-5.000000	-4.411765	13.366654
-5.000000	-4.117647	13.412159
-5.000000	-3.823529	13.455438
-5.000000	-3.529412	13.496327
-5.000000	-3.235294	13.534664
-5.000000	-2.941176	13.570290
-5.000000	-2.647059	13.603051
-5.000000	-2.352941	13.632802
-5.000000	-2.058824	13.659404
-5.000000	-1.764706	13.682732
-5.000000	-1.470588	13.702673
-5.000000	-1.176471	13.719127
-5.000000	-0.882353	13.732014
-5.000000	-0.588235	13.741266
-5.000000	-0.294118	13.746836
-5.000000	-0.000000	13.748696
-5.000000	0.294118	13.746836
-5.000000	0.588235	13.741266
-5.000000	0.882353	13.732014
-5.000000	1.176471	13.719127
-5.000000	1.470588	13.702673
-5.000000	1.764706	13.682732
-5.000000	2.058824	13.659404
-5.000000	2.352941	13.632802
-5.000000	2.647059	13.603051
-5.000000	2.941176	13.570290
-5.000000	3.235294	13.534664
-5.000000	3.529412	13.496327
-5.000000	3.823529	13.455438
-5.000000	4.117647	13.412159
-5.000000	4.411765	13.366654
-5.000000	4.705882	13.319084
-5.000000	5.000000	13.269607
-5.000000	5.294118	13.218377
-5.000000	5.588235	13.165540
-5.000000	5.882353	13.111235
-5.000000	6.176471	13.055587
-5.000000	6.470588	12.998713
-5.000000	6.764706	12.940715
-5.000000	7.058824	12.881681
-5.000000	7.352941	12.821683

-4.705882	-7.352941	12.866874
-4.705882	-7.058824	12.925867
-4.705882	-6.764706	12.984027
-4.705882	-6.470588	13.041280
-4.705882	-6.176471	13.097537
-4.705882	-5.882353	13.152693
-4.705882	-5.588235	13.206628
-4.705882	-5.294118	13.259208
-4.705882	-5.000000	13.310288
-4.705882	-4.705882	13.359713
-4.705882	-4.411765	13.407320
-4.705882	-4.117647	13.452939
-4.705882	-3.823529	13.496397
-4.705882	-3.529412	13.537518
-4.705882	-3.235294	13.576128
-4.705882	-2.941176	13.612057
-4.705882	-2.647059	13.645136
-4.705882	-2.352941	13.675209
-4.705882	-2.058824	13.702126
-4.705882	-1.764706	13.725750
-4.705882	-1.470588	13.745959
-4.705882	-1.176471	13.762646
-4.705882	-0.882353	13.775720
-4.705882	-0.588235	13.785111
-4.705882	-0.294118	13.790766
-4.705882	-0.000000	13.792655
-4.705882	0.294118	13.790766
-4.705882	0.588235	13.785111
-4.705882	0.882353	13.775720
-4.705882	1.176471	13.762646
-4.705882	1.470588	13.745959
-4.705882	1.764706	13.725750
-4.705882	2.058824	13.702126
-4.705882	2.352941	13.675209
-4.705882	2.647059	13.645136
-4.705882	2.941176	13.612057
-4.705882	3.235294	13.576128
-4.705882	3.529412	13.537518
-4.705882	3.823529	13.496397
-4.705882	4.117647	13.452939
-4.705882	4.411765	13.407320
-4.705882	4.705882	13.359713
-4.705882	5.000000	13.310288
-4.705882	5.294118	13.259208
-4.705882	5.588235	13.206628
-4.705882	5.882353	13.152693
-4.705882	6.176471	13.097537
-4.705882	6.470588	13.041280
-4.705882	6.764706	12.984027
-4.705882	7.058824	12.925867
-4.705882	7.352941	12.866874

-4.411765	-7.352941	12.912840
-4.411765	-7.058824	12.970885
-4.411765	-6.764706	13.028243
-4.411765	-6.470588	13.084840
-4.411765	-6.176471	13.140586
-4.411765	-5.882353	13.195371
-4.411765	-5.588235	13.249068
-4.411765	-5.294118	13.301537
-4.411765	-5.000000	13.352623
-4.411765	-4.705882	13.402160
-4.411765	-4.411765	13.449973
-4.411765	-4.117647	13.495879
-4.411765	-3.823529	13.539692
-4.411765	-3.529412	13.581220
-4.411765	-3.235294	13.620276
-4.411765	-2.941176	13.656673
-4.411765	-2.647059	13.690230
-4.411765	-2.352941	13.720774
-4.411765	-2.058824	13.748142
-4.411765	-1.764706	13.772186
-4.411765	-1.470588	13.792771
-4.411765	-1.176471	13.809780
-4.411765	-0.882353	13.823114
-4.411765	-0.588235	13.832695
-4.411765	-0.294118	13.838467
-4.411765	-0.000000	13.840395
-4.411765	0.294118	13.838467
-4.411765	0.588235	13.832695
-4.411765	0.882353	13.823114
-4.411765	1.176471	13.809780
-4.411765	1.470588	13.792771
-4.411765	1.764706	13.772186
-4.411765	2.058824	13.748142
-4.411765	2.352941	13.720774
-4.411765	2.647059	13.690230
-4.411765	2.941176	13.656673
-4.411765	3.235294	13.620276
-4.411765	3.529412	13.581220
-4.411765	3.823529	13.539692
-4.411765	4.117647	13.495879
-4.411765	4.411765	13.449973
-4.411765	4.705882	13.402160
-4.411765	5.000000	13.352623
-4.411765	5.294118	13.301537
-4.411765	5.588235	13.249068
-4.411765	5.882353	13.195371
-4.411765	6.176471	13.140586
-4.411765	6.470588	13.084840
-4.411765	6.764706	13.028243
-4.411765	7.058824	12.970885
-4.411765	7.352941	12.912840

-4.117647	-7.352941	12.959436
-4.117647	-7.058824	13.016586
-4.117647	-6.764706	13.073215
-4.117647	-6.470588	13.129250
-4.117647	-6.176471	13.184594
-4.117647	-5.882353	13.239133
-4.117647	-5.588235	13.292734
-4.117647	-5.294118	13.345247
-4.117647	-5.000000	13.396505
-4.117647	-4.705882	13.446330
-4.117647	-4.411765	13.494532
-4.117647	-4.117647	13.540913
-4.117647	-3.823529	13.585270
-4.117647	-3.529412	13.627396
-4.117647	-3.235294	13.667085
-4.117647	-2.941176	13.704131
-4.117647	-2.647059	13.738339
-4.117647	-2.352941	13.769516
-4.117647	-2.058824	13.797486
-4.117647	-1.764706	13.822084
-4.117647	-1.470588	13.843163
-4.117647	-1.176471	13.860592
-4.117647	-0.882353	13.874264
-4.117647	-0.588235	13.884093
-4.117647	-0.294118	13.890015
-4.117647	-0.000000	13.891993
-4.117647	0.294118	13.890015
-4.117647	0.588235	13.884093
-4.117647	0.882353	13.874264
-4.117647	1.176471	13.860592
-4.117647	1.470588	13.843163
-4.117647	1.764706	13.822084
-4.117647	2.058824	13.797486
-4.117647	2.352941	13.769516
-4.117647	2.647059	13.738339
-4.117647	2.941176	13.704131
-4.117647	3.235294	13.667085
-4.117647	3.529412	13.627396
-4.117647	3.823529	13.585270
-4.117647	4.117647	13.540913
-4.117647	4.411765	13.494532
-4.117647	4.705882	13.446330
-4.117647	5.000000	13.396505
-4.117647	5.294118	13.345247
-4.117647	5.588235	13.292734
-4.117647	5.882353	13.239133
-4.117647	6.176471	13.184594
-4.117647	6.470588	13.129250
-4.117647	6.764706	13.073215
-4.117647	7.058824	13.016586
-4.117647	7.352941	12.959436

-3.823529	-7.352941	13.006498
-3.823529	-7.058824	13.062805
-3.823529	-6.764706	13.118780
-3.823529	-6.470588	13.174345
-3.823529	-6.176471	13.229403
-3.823529	-5.882353	13.283831
-3.823529	-5.588235	13.337486
-3.823529	-5.294118	13.390209
-3.823529	-5.000000	13.441818
-3.823529	-4.705882	13.492121
-3.823529	-4.411765	13.540910
-3.823529	-4.117647	13.587971
-3.823529	-3.823529	13.633080
-3.823529	-3.529412	13.676010
-3.823529	-3.235294	13.716535
-3.823529	-2.941176	13.754431
-3.823529	-2.647059	13.789478
-3.823529	-2.352941	13.821468
-3.823529	-2.058824	13.850205
-3.823529	-1.764706	13.875505
-3.823529	-1.470588	13.897206
-3.823529	-1.176471	13.915165
-3.823529	-0.882353	13.929262
-3.823529	-0.588235	13.939400
-3.823529	-0.294118	13.945511
-3.823529	-0.000000	13.947553
-3.823529	0.294118	13.945511
-3.823529	0.588235	13.939400
-3.823529	0.882353	13.929262
-3.823529	1.176471	13.915165
-3.823529	1.470588	13.897206
-3.823529	1.764706	13.875505
-3.823529	2.058824	13.850205
-3.823529	2.352941	13.821468
-3.823529	2.647059	13.789478
-3.823529	2.941176	13.754431
-3.823529	3.235294	13.716535
-3.823529	3.529412	13.676010
-3.823529	3.823529	13.633080
-3.823529	4.117647	13.587971
-3.823529	4.411765	13.540910
-3.823529	4.705882	13.492121
-3.823529	5.000000	13.441818
-3.823529	5.294118	13.390209
-3.823529	5.588235	13.337486
-3.823529	5.882353	13.283831
-3.823529	6.176471	13.229403
-3.823529	6.470588	13.174345
-3.823529	6.764706	13.118780
-3.823529	7.058824	13.062805
-3.823529	7.352941	13.006498

-3.529412	-7.352941	13.053837
-3.529412	-7.058824	13.109354
-3.529412	-6.764706	13.164749
-3.529412	-6.470588	13.219945
-3.529412	-6.176471	13.274838
-3.529412	-5.882353	13.329297
-3.529412	-5.588235	13.383170
-3.529412	-5.294118	13.436281
-3.529412	-5.000000	13.488436
-3.529412	-4.705882	13.539423
-3.529412	-4.411765	13.589017
-3.529412	-4.117647	13.636980
-3.529412	-3.823529	13.683068
-3.529412	-3.529412	13.727030
-3.529412	-3.235294	13.768617
-3.529412	-2.941176	13.807580
-3.529412	-2.647059	13.843677
-3.529412	-2.352941	13.876677
-3.529412	-2.058824	13.906362
-3.529412	-1.764706	13.932529
-3.529412	-1.470588	13.954996
-3.529412	-1.176471	13.973605
-3.529412	-0.882353	13.988222
-3.529412	-0.588235	13.998740
-3.529412	-0.294118	14.005082
-3.529412	-0.000000	14.007201
-3.529412	0.294118	14.005082
-3.529412	0.588235	13.998740
-3.529412	0.882353	13.988222
-3.529412	1.176471	13.973605
-3.529412	1.470588	13.954996
-3.529412	1.764706	13.932529
-3.529412	2.058824	13.906362
-3.529412	2.352941	13.876677
-3.529412	2.647059	13.843677
-3.529412	2.941176	13.807580
-3.529412	3.235294	13.768617
-3.529412	3.529412	13.727030
-3.529412	3.823529	13.683068
-3.529412	4.117647	13.636980
-3.529412	4.411765	13.589017
-3.529412	4.705882	13.539423
-3.529412	5.000000	13.488436
-3.529412	5.294118	13.436281
-3.529412	5.588235	13.383170
-3.529412	5.882353	13.329297
-3.529412	6.176471	13.274838
-3.529412	6.470588	13.219945
-3.529412	6.764706	13.164749
-3.529412	7.058824	13.109354
-3.529412	7.352941	13.053837

-3.235294	-7.352941	13.101243
-3.235294	-7.058824	13.156019
-3.235294	-6.764706	13.210913
-3.235294	-6.470588	13.265845
-3.235294	-6.176471	13.320702
-3.235294	-5.882353	13.375346
-3.235294	-5.588235	13.429611
-3.235294	-5.294118	13.483306
-3.235294	-5.000000	13.536219
-3.235294	-4.705882	13.588117
-3.235294	-4.411765	13.638753
-3.235294	-4.117647	13.687864
-3.235294	-3.823529	13.735181
-3.235294	-3.529412	13.780426
-3.235294	-3.235294	13.823323
-3.235294	-2.941176	13.863596
-3.235294	-2.647059	13.900976
-3.235294	-2.352941	13.935205
-3.235294	-2.058824	13.966040
-3.235294	-1.764706	13.993255
-3.235294	-1.470588	14.016649
-3.235294	-1.176471	14.036042
-3.235294	-0.882353	14.051285
-3.235294	-0.588235	14.062260
-3.235294	-0.294118	14.068880
-3.235294	-0.000000	14.071093
-3.235294	0.294118	14.068880
-3.235294	0.588235	14.062260
-3.235294	0.882353	14.051285
-3.235294	1.176471	14.036042
-3.235294	1.470588	14.016649
-3.235294	1.764706	13.993255
-3.235294	2.058824	13.966040
-3.235294	2.352941	13.935205
-3.235294	2.647059	13.900976
-3.235294	2.941176	13.863596
-3.235294	3.235294	13.823323
-3.235294	3.529412	13.780426
-3.235294	3.823529	13.735181
-3.235294	4.117647	13.687864
-3.235294	4.411765	13.638753
-3.235294	4.705882	13.588117
-3.235294	5.000000	13.536219
-3.235294	5.294118	13.483306
-3.235294	5.588235	13.429611
-3.235294	5.882353	13.375346
-3.235294	6.176471	13.320702
-3.235294	6.470588	13.265845
-3.235294	6.764706	13.210913
-3.235294	7.058824	13.156019
-3.235294	7.352941	13.101243

-2.941176	-7.352941	13.148474
-2.941176	-7.058824	13.202561
-2.941176	-6.764706	13.257036
-2.941176	-6.470588	13.311814
-2.941176	-6.176471	13.366776
-2.941176	-5.882353	13.421771
-2.941176	-5.588235	13.476619
-2.941176	-5.294118	13.531111
-2.941176	-5.000000	13.585014
-2.941176	-4.705882	13.638072
-2.941176	-4.411765	13.690011
-2.941176	-4.117647	13.740542
-2.941176	-3.823529	13.789364
-2.941176	-3.529412	13.836171
-2.941176	-3.235294	13.880654
-2.941176	-2.941176	13.922506
-2.941176	-2.647059	13.961428
-2.941176	-2.352941	13.997130
-2.941176	-2.058824	14.029341
-2.941176	-1.764706	14.057808
-2.941176	-1.470588	14.082306
-2.941176	-1.176471	14.102633
-2.941176	-0.882353	14.118623
-2.941176	-0.588235	14.130142
-2.941176	-0.294118	14.137092
-2.941176	-0.000000	14.139415
-2.941176	0.294118	14.137092
-2.941176	0.588235	14.130142
-2.941176	0.882353	14.118623
-2.941176	1.176471	14.102633
-2.941176	1.470588	14.082306
-2.941176	1.764706	14.057808
-2.941176	2.058824	14.029341
-2.941176	2.352941	13.997130
-2.941176	2.647059	13.961428
-2.941176	2.941176	13.922506
-2.941176	3.235294	13.880654
-2.941176	3.529412	13.836171
-2.941176	3.823529	13.789364
-2.941176	4.117647	13.740542
-2.941176	4.411765	13.690011
-2.941176	4.705882	13.638072
-2.941176	5.000000	13.585014
-2.941176	5.294118	13.531111
-2.941176	5.588235	13.476619
-2.941176	5.882353	13.421771
-2.941176	6.176471	13.366776
-2.941176	6.470588	13.311814
-2.941176	6.764706	13.257036
-2.941176	7.058824	13.202561
-2.941176	7.352941	13.148474

-2.647059	-7.352941	13.195260
-2.647059	-7.058824	13.248708
-2.647059	-6.764706	13.302850
-2.647059	-6.470588	13.357593
-2.647059	-6.176471	13.412811
-2.647059	-5.882353	13.468338
-2.647059	-5.588235	13.523978
-2.647059	-5.294118	13.579501
-2.647059	-5.000000	13.634651
-2.647059	-4.705882	13.689143
-2.647059	-4.411765	13.742676
-2.647059	-4.117647	13.794927
-2.647059	-3.823529	13.845563
-2.647059	-3.529412	13.894241
-2.647059	-3.235294	13.940618
-2.647059	-2.941176	13.984350
-2.647059	-2.647059	14.025101
-2.647059	-2.352941	14.062549
-2.647059	-2.058824	14.096389
-2.647059	-1.764706	14.126337
-2.647059	-1.470588	14.152138
-2.647059	-1.176471	14.173568
-2.647059	-0.882353	14.190438
-2.647059	-0.588235	14.202597
-2.647059	-0.294118	14.209937
-2.647059	-0.000000	14.212392
-2.647059	0.294118	14.209937
-2.647059	0.588235	14.202597
-2.647059	0.882353	14.190438
-2.647059	1.176471	14.173568
-2.647059	1.470588	14.152138
-2.647059	1.764706	14.126337
-2.647059	2.058824	14.096389
-2.647059	2.352941	14.062549
-2.647059	2.647059	14.025101
-2.647059	2.941176	13.984350
-2.647059	3.235294	13.940618
-2.647059	3.529412	13.894241
-2.647059	3.823529	13.845563
-2.647059	4.117647	13.794927
-2.647059	4.411765	13.742676
-2.647059	4.705882	13.689143
-2.647059	5.000000	13.634651
-2.647059	5.294118	13.579501
-2.647059	5.588235	13.523978
-2.647059	5.882353	13.468338
-2.647059	6.176471	13.412811
-2.647059	6.470588	13.357593
-2.647059	6.764706	13.302850
-2.647059	7.058824	13.248708
-2.647059	7.352941	13.195260

-2.352941	-7.352941	13.241294
-2.352941	-7.058824	13.294157
-2.352941	-6.764706	13.348055
-2.352941	-6.470588	13.402893
-2.352941	-6.176471	13.458530
-2.352941	-5.882353	13.514787
-2.352941	-5.588235	13.571449
-2.352941	-5.294118	13.628261
-2.352941	-5.000000	13.684940
-2.352941	-4.705882	13.741172
-2.352941	-4.411765	13.796620
-2.352941	-4.117647	13.850926
-2.352941	-3.823529	13.903718
-2.352941	-3.529412	13.954614
-2.352941	-3.235294	14.003228
-2.352941	-2.941176	14.049176
-2.352941	-2.647059	14.092081
-2.352941	-2.352941	14.131581
-2.352941	-2.058824	14.167333
-2.352941	-1.764706	14.199018
-2.352941	-1.470588	14.226347
-2.352941	-1.176471	14.249069
-2.352941	-0.882353	14.266970
-2.352941	-0.588235	14.279880
-2.352941	-0.294118	14.287676
-2.352941	-0.000000	14.290283
-2.352941	0.294118	14.287676
-2.352941	0.588235	14.279880
-2.352941	0.882353	14.266970
-2.352941	1.176471	14.249069
-2.352941	1.470588	14.226347
-2.352941	1.764706	14.199018
-2.352941	2.058824	14.167333
-2.352941	2.352941	14.131581
-2.352941	2.647059	14.092081
-2.352941	2.941176	14.049176
-2.352941	3.235294	14.003228
-2.352941	3.529412	13.954614
-2.352941	3.823529	13.903718
-2.352941	4.117647	13.850926
-2.352941	4.411765	13.796620
-2.352941	4.705882	13.741172
-2.352941	5.000000	13.684940
-2.352941	5.294118	13.628261
-2.352941	5.588235	13.571449
-2.352941	5.882353	13.514787
-2.352941	6.176471	13.458530
-2.352941	6.470588	13.402893
-2.352941	6.764706	13.348055
-2.352941	7.058824	13.294157
-2.352941	7.352941	13.241294

-2.058824	-7.352941	13.286231
-2.058824	-7.058824	13.338562
-2.058824	-6.764706	13.392315
-2.058824	-6.470588	13.447386
-2.058824	-6.176471	13.503622
-2.058824	-5.882353	13.560828
-2.058824	-5.588235	13.618763
-2.058824	-5.294118	13.677150
-2.058824	-5.000000	13.735672
-2.058824	-4.705882	13.793982
-2.058824	-4.411765	13.851703
-2.058824	-4.117647	13.908437
-2.058824	-3.823529	13.963768
-2.058824	-3.529412	14.017268
-2.058824	-3.235294	14.068504
-2.058824	-2.941176	14.117046
-2.058824	-2.647059	14.162470
-2.058824	-2.352941	14.204366
-2.058824	-2.058824	14.242349
-2.058824	-1.764706	14.276059
-2.058824	-1.470588	14.305171
-2.058824	-1.176471	14.329398
-2.058824	-0.882353	14.348500
-2.058824	-0.588235	14.362285
-2.058824	-0.294118	14.370612
-2.058824	-0.000000	14.373398
-2.058824	0.294118	14.370612
-2.058824	0.588235	14.362285
-2.058824	0.882353	14.348500
-2.058824	1.176471	14.329398
-2.058824	1.470588	14.305171
-2.058824	1.764706	14.276059
-2.058824	2.058824	14.242349
-2.058824	2.352941	14.204366
-2.058824	2.647059	14.162470
-2.058824	2.941176	14.117046
-2.058824	3.235294	14.068504
-2.058824	3.529412	14.017268
-2.058824	3.823529	13.963768
-2.058824	4.117647	13.908437
-2.058824	4.411765	13.851703
-2.058824	4.705882	13.793982
-2.058824	5.000000	13.735672
-2.058824	5.294118	13.677150
-2.058824	5.588235	13.618763
-2.058824	5.882353	13.560828
-2.058824	6.176471	13.503622
-2.058824	6.470588	13.447386
-2.058824	6.764706	13.392315
-2.058824	7.058824	13.338562
-2.058824	7.352941	13.286231

-1.764706	-7.352941	13.329681
-1.764706	-7.058824	13.381538
-1.764706	-6.764706	13.435250
-1.764706	-6.470588	13.490705
-1.764706	-6.176471	13.547737
-1.764706	-5.882353	13.606131
-1.764706	-5.588235	13.665621
-1.764706	-5.294118	13.725898
-1.764706	-5.000000	13.786612
-1.764706	-4.705882	13.847376
-1.764706	-4.411765	13.907771
-1.764706	-4.117647	13.967350
-1.764706	-3.823529	14.025648
-1.764706	-3.529412	14.082186
-1.764706	-3.235294	14.136477
-1.764706	-2.941176	14.188037
-1.764706	-2.647059	14.236388
-1.764706	-2.352941	14.281070
-1.764706	-2.058824	14.321645
-1.764706	-1.764706	14.357706
-1.764706	-1.470588	14.388886
-1.764706	-1.176471	14.414861
-1.764706	-0.882353	14.435357
-1.764706	-0.588235	14.450156
-1.764706	-0.294118	14.459100
-1.764706	-0.000000	14.462092
-1.764706	0.294118	14.459100
-1.764706	0.588235	14.450156
-1.764706	0.882353	14.435357
-1.764706	1.176471	14.414861
-1.764706	1.470588	14.388886
-1.764706	1.764706	14.357706
-1.764706	2.058824	14.321645
-1.764706	2.352941	14.281070
-1.764706	2.647059	14.236388
-1.764706	2.941176	14.188037
-1.764706	3.235294	14.136477
-1.764706	3.529412	14.082186
-1.764706	3.823529	14.025648
-1.764706	4.117647	13.967350
-1.764706	4.411765	13.907771
-1.764706	4.705882	13.847376
-1.764706	5.000000	13.786612
-1.764706	5.294118	13.725898
-1.764706	5.588235	13.665621
-1.764706	5.882353	13.606131
-1.764706	6.176471	13.547737
-1.764706	6.470588	13.490705
-1.764706	6.764706	13.435250
-1.764706	7.058824	13.381538
-1.764706	7.352941	13.329681

-1.470588	-7.352941	13.371207
-1.470588	-7.058824	13.422648
-1.470588	-6.764706	13.476433
-1.470588	-6.470588	13.532439
-1.470588	-6.176471	13.590484
-1.470588	-5.882353	13.650330
-1.470588	-5.588235	13.711684
-1.470588	-5.294118	13.774203
-1.470588	-5.000000	13.837498
-1.470588	-4.705882	13.901136
-1.470588	-4.411765	13.964650
-1.470588	-4.117647	14.027541
-1.470588	-3.823529	14.089288
-1.470588	-3.529412	14.149351
-1.470588	-3.235294	14.207183
-1.470588	-2.941176	14.262240
-1.470588	-2.647059	14.313980
-1.470588	-2.352941	14.361885
-1.470588	-2.058824	14.405459
-1.470588	-1.764706	14.444242
-1.470588	-1.470588	14.477815
-1.470588	-1.176471	14.505811
-1.470588	-0.882353	14.527920
-1.470588	-0.588235	14.543893
-1.470588	-0.294118	14.553550
-1.470588	-0.000000	14.556782
-1.470588	0.294118	14.553550
-1.470588	0.588235	14.543893
-1.470588	0.882353	14.527920
-1.470588	1.176471	14.505811
-1.470588	1.470588	14.477815
-1.470588	1.764706	14.444242
-1.470588	2.058824	14.405459
-1.470588	2.352941	14.361885
-1.470588	2.647059	14.313980
-1.470588	2.941176	14.262240
-1.470588	3.235294	14.207183
-1.470588	3.529412	14.149351
-1.470588	3.823529	14.089288
-1.470588	4.117647	14.027541
-1.470588	4.411765	13.964650
-1.470588	4.705882	13.901136
-1.470588	5.000000	13.837498
-1.470588	5.294118	13.774203
-1.470588	5.588235	13.711684
-1.470588	5.882353	13.650330
-1.470588	6.176471	13.590484
-1.470588	6.470588	13.532439
-1.470588	6.764706	13.476433
-1.470588	7.058824	13.422648
-1.470588	7.352941	13.371207

-1.176471	-7.352941	13.410315
-1.176471	-7.058824	13.461404
-1.176471	-6.764706	13.515385
-1.176471	-6.470588	13.572124
-1.176471	-6.176471	13.631421
-1.176471	-5.882353	13.693012
-1.176471	-5.588235	13.756574
-1.176471	-5.294118	13.821726
-1.176471	-5.000000	13.888033
-1.176471	-4.705882	13.955015
-1.176471	-4.411765	14.022148
-1.176471	-4.117647	14.088875
-1.176471	-3.823529	14.154609
-1.176471	-3.529412	14.218745
-1.176471	-3.235294	14.280668
-1.176471	-2.941176	14.339760
-1.176471	-2.647059	14.395413
-1.176471	-2.352941	14.447038
-1.176471	-2.058824	14.494073
-1.176471	-1.764706	14.535995
-1.176471	-1.470588	14.572330
-1.176471	-1.176471	14.602660
-1.176471	-0.882353	14.626630
-1.176471	-0.588235	14.643958
-1.176471	-0.294118	14.654438
-1.176471	-0.000000	14.657946
-1.176471	0.294118	14.654438
-1.176471	0.588235	14.643958
-1.176471	0.882353	14.626630
-1.176471	1.176471	14.602660
-1.176471	1.470588	14.572330
-1.176471	1.764706	14.535995
-1.176471	2.058824	14.494073
-1.176471	2.352941	14.447038
-1.176471	2.647059	14.395413
-1.176471	2.941176	14.339760
-1.176471	3.235294	14.280668
-1.176471	3.529412	14.218745
-1.176471	3.823529	14.154609
-1.176471	4.117647	14.088875
-1.176471	4.411765	14.022148
-1.176471	4.705882	13.955015
-1.176471	5.000000	13.888033
-1.176471	5.294118	13.821726
-1.176471	5.588235	13.756574
-1.176471	5.882353	13.693012
-1.176471	6.176471	13.631421
-1.176471	6.470588	13.572124
-1.176471	6.764706	13.515385
-1.176471	7.058824	13.461404
-1.176471	7.352941	13.410315

-0.882353	-7.352941	13.446452
-0.882353	-7.058824	13.497256
-0.882353	-6.764706	13.551569
-0.882353	-6.470588	13.609241
-0.882353	-6.176471	13.670053
-0.882353	-5.882353	13.733715
-0.882353	-5.588235	13.799866
-0.882353	-5.294118	13.868084
-0.882353	-5.000000	13.937887
-0.882353	-4.705882	14.008737
-0.882353	-4.411765	14.080049
-0.882353	-4.117647	14.151198
-0.882353	-3.823529	14.221526
-0.882353	-3.529412	14.290353
-0.882353	-3.235294	14.356984
-0.882353	-2.941176	14.420722
-0.882353	-2.647059	14.480879
-0.882353	-2.352941	14.536786
-0.882353	-2.058824	14.587806
-0.882353	-1.764706	14.633345
-0.882353	-1.470588	14.672862
-0.882353	-1.176471	14.705879
-0.882353	-0.882353	14.731994
-0.882353	-0.588235	14.750884
-0.882353	-0.294118	14.762314
-0.882353	-0.000000	14.766139
-0.882353	0.294118	14.762314
-0.882353	0.588235	14.750884
-0.882353	0.882353	14.731994
-0.882353	1.176471	14.705879
-0.882353	1.470588	14.672862
-0.882353	1.764706	14.633345
-0.882353	2.058824	14.587806
-0.882353	2.352941	14.536786
-0.882353	2.647059	14.480879
-0.882353	2.941176	14.420722
-0.882353	3.235294	14.356984
-0.882353	3.529412	14.290353
-0.882353	3.823529	14.221526
-0.882353	4.117647	14.151198
-0.882353	4.411765	14.080049
-0.882353	4.705882	14.008737
-0.882353	5.000000	13.937887
-0.882353	5.294118	13.868084
-0.882353	5.588235	13.799866
-0.882353	5.882353	13.733715
-0.882353	6.176471	13.670053
-0.882353	6.470588	13.609241
-0.882353	6.764706	13.551569
-0.882353	7.058824	13.497256
-0.882353	7.352941	13.446452

-0.588235	-7.352941	13.478996
-0.588235	-7.058824	13.529589
-0.588235	-6.764706	13.584380
-0.588235	-6.470588	13.643206
-0.588235	-6.176471	13.705825
-0.588235	-5.882353	13.771916
-0.588235	-5.588235	13.841081
-0.588235	-5.294118	13.912850
-0.588235	-5.000000	13.986685
-0.588235	-4.705882	14.061989
-0.588235	-4.411765	14.138107
-0.588235	-4.117647	14.214338
-0.588235	-3.823529	14.289943
-0.588235	-3.529412	14.364156
-0.588235	-3.235294	14.436194
-0.588235	-2.941176	14.505269
-0.588235	-2.647059	14.570600
-0.588235	-2.352941	14.631429
-0.588235	-2.058824	14.687030
-0.588235	-1.764706	14.736728
-0.588235	-1.470588	14.779904
-0.588235	-1.176471	14.816015
-0.588235	-0.882353	14.844599
-0.588235	-0.588235	14.865286
-0.588235	-0.294118	14.877808
-0.588235	-0.000000	14.882001
-0.588235	0.294118	14.877808
-0.588235	0.588235	14.865286
-0.588235	0.882353	14.844599
-0.588235	1.176471	14.816015
-0.588235	1.470588	14.779904
-0.588235	1.764706	14.736728
-0.588235	2.058824	14.687030
-0.588235	2.352941	14.631429
-0.588235	2.647059	14.570600
-0.588235	2.941176	14.505269
-0.588235	3.235294	14.436194
-0.588235	3.529412	14.364156
-0.588235	3.823529	14.289943
-0.588235	4.117647	14.214338
-0.588235	4.411765	14.138107
-0.588235	4.705882	14.061989
-0.588235	5.000000	13.986685
-0.588235	5.294118	13.912850
-0.588235	5.588235	13.841081
-0.588235	5.882353	13.771916
-0.588235	6.176471	13.705825
-0.588235	6.470588	13.643206
-0.588235	6.764706	13.584380
-0.588235	7.058824	13.529589
-0.588235	7.352941	13.478996

-0.294118	-7.352941	13.507249
-0.294118	-7.058824	13.557710
-0.294118	-6.764706	13.613141
-0.294118	-6.470588	13.673365
-0.294118	-6.176471	13.738113
-0.294118	-5.882353	13.807032
-0.294118	-5.588235	13.879680
-0.294118	-5.294118	13.955538
-0.294118	-5.000000	14.034007
-0.294118	-4.705882	14.114419
-0.294118	-4.411765	14.196045
-0.294118	-4.117647	14.278098
-0.294118	-3.823529	14.359749
-0.294118	-3.529412	14.440134
-0.294118	-3.235294	14.518370
-0.294118	-2.941176	14.593563
-0.294118	-2.647059	14.664830
-0.294118	-2.352941	14.731307
-0.294118	-2.058824	14.792169
-0.294118	-1.764706	14.846644
-0.294118	-1.470588	14.894026
-0.294118	-1.176471	14.933693
-0.294118	-0.882353	14.965116
-0.294118	-0.588235	14.987872
-0.294118	-0.294118	15.001651
-0.294118	-0.000000	15.006265
-0.294118	0.294118	15.001651
-0.294118	0.588235	14.987872
-0.294118	0.882353	14.965116
-0.294118	1.176471	14.933693
-0.294118	1.470588	14.894026
-0.294118	1.764706	14.846644
-0.294118	2.058824	14.792169
-0.294118	2.352941	14.731307
-0.294118	2.647059	14.664830
-0.294118	2.941176	14.593563
-0.294118	3.235294	14.518370
-0.294118	3.529412	14.440134
-0.294118	3.823529	14.359749
-0.294118	4.117647	14.278098
-0.294118	4.411765	14.196045
-0.294118	4.705882	14.114419
-0.294118	5.000000	14.034007
-0.294118	5.294118	13.955538
-0.294118	5.588235	13.879680
-0.294118	5.882353	13.807032
-0.294118	6.176471	13.738113
-0.294118	6.470588	13.673365
-0.294118	6.764706	13.613141
-0.294118	7.058824	13.557710
-0.294118	7.352941	13.507249

-0.000000	-7.352941	13.530432
-0.000000	-7.058824	13.580847
-0.000000	-6.764706	13.637096
-0.000000	-6.470588	13.698984
-0.000000	-6.176471	13.766217
-0.000000	-5.882353	13.838404
-0.000000	-5.588235	13.915058
-0.000000	-5.294118	13.995603
-0.000000	-5.000000	14.079374
-0.000000	-4.705882	14.165628
-0.000000	-4.411765	14.253548
-0.000000	-4.117647	14.342255
-0.000000	-3.823529	14.430817
-0.000000	-3.529412	14.518261
-0.000000	-3.235294	14.603588
-0.000000	-2.941176	14.685787
-0.000000	-2.647059	14.763855
-0.000000	-2.352941	14.836808
-0.000000	-2.058824	14.903706
-0.000000	-1.764706	14.963665
-0.000000	-1.470588	15.015879
-0.000000	-1.176471	15.059633
-0.000000	-0.882353	15.094321
-0.000000	-0.588235	15.119454
-0.000000	-0.294118	15.134679
-0.000000	-0.000000	15.139778
-0.000000	0.294118	15.134679
-0.000000	0.588235	15.119454
-0.000000	0.882353	15.094321
-0.000000	1.176471	15.059633
-0.000000	1.470588	15.015879
-0.000000	1.764706	14.963665
-0.000000	2.058824	14.903706
-0.000000	2.352941	14.836808
-0.000000	2.647059	14.763855
-0.000000	2.941176	14.685787
-0.000000	3.235294	14.603588
-0.000000	3.529412	14.518261
-0.000000	3.823529	14.430817
-0.000000	4.117647	14.342255
-0.000000	4.411765	14.253548
-0.000000	4.705882	14.165628
-0.000000	5.000000	14.079374
-0.000000	5.294118	13.995603
-0.000000	5.588235	13.915058
-0.000000	5.882353	13.838404
-0.000000	6.176471	13.766217
-0.000000	6.470588	13.698984
-0.000000	6.764706	13.637096
-0.000000	7.058824	13.580847
-0.000000	7.352941	13.530432

0.294118	-7.352941	13.547671
0.294118	-7.058824	13.598133
0.294118	-6.764706	13.655394
0.294118	-6.470588	13.719241
0.294118	-6.176471	13.789351
0.294118	-5.882353	13.865293
0.294118	-5.588235	13.946532
0.294118	-5.294118	14.032428
0.294118	-5.000000	14.122246
0.294118	-4.705882	14.215159
0.294118	-4.411765	14.310256
0.294118	-4.117647	14.406551
0.294118	-3.823529	14.502999
0.294118	-3.529412	14.598503
0.294118	-3.235294	14.691934
0.294118	-2.941176	14.782147
0.294118	-2.647059	14.868001
0.294118	-2.352941	14.948375
0.294118	-2.058824	15.022194
0.294118	-1.764706	15.088448
0.294118	-1.470588	15.146210
0.294118	-1.176471	15.194661
0.294118	-0.882353	15.233100
0.294118	-0.588235	15.260969
0.294118	-0.294118	15.277857
0.294118	-0.000000	15.283514
0.294118	0.294118	15.277857
0.294118	0.588235	15.260969
0.294118	0.882353	15.233100
0.294118	1.176471	15.194661
0.294118	1.470588	15.146210
0.294118	1.764706	15.088448
0.294118	2.058824	15.022194
0.294118	2.352941	14.948375
0.294118	2.647059	14.868001
0.294118	2.941176	14.782147
0.294118	3.235294	14.691934
0.294118	3.529412	14.598503
0.294118	3.823529	14.502999
0.294118	4.117647	14.406551
0.294118	4.411765	14.310256
0.294118	4.705882	14.215159
0.294118	5.000000	14.122246
0.294118	5.294118	14.032428
0.294118	5.588235	13.946532
0.294118	5.882353	13.865293
0.294118	6.176471	13.789351
0.294118	6.470588	13.719241
0.294118	6.764706	13.655394
0.294118	7.058824	13.598133
0.294118	7.352941	13.547671

0.588235	-7.352941	13.557991
0.588235	-7.058824	13.608603
0.588235	-6.764706	13.667089
0.588235	-6.470588	13.733217
0.588235	-6.176471	13.806634
0.588235	-5.882353	13.886869
0.588235	-5.588235	13.973331
0.588235	-5.294118	14.065316
0.588235	-5.000000	14.162010
0.588235	-4.705882	14.262494
0.588235	-4.411765	14.365754
0.588235	-4.117647	14.470687
0.588235	-3.823529	14.576119
0.588235	-3.529412	14.680815
0.588235	-3.235294	14.783499
0.588235	-2.941176	14.882871
0.588235	-2.647059	14.977633
0.588235	-2.352941	15.066507
0.588235	-2.058824	15.148262
0.588235	-1.764706	15.221739
0.588235	-1.470588	15.285874
0.588235	-1.176471	15.339721
0.588235	-0.882353	15.382476
0.588235	-0.588235	15.413491
0.588235	-0.294118	15.432293
0.588235	-0.000000	15.438592
0.588235	0.294118	15.432293
0.588235	0.588235	15.413491
0.588235	0.882353	15.382476
0.588235	1.176471	15.339721
0.588235	1.470588	15.285874
0.588235	1.764706	15.221739
0.588235	2.058824	15.148262
0.588235	2.352941	15.066507
0.588235	2.647059	14.977633
0.588235	2.941176	14.882871
0.588235	3.235294	14.783499
0.588235	3.529412	14.680815
0.588235	3.823529	14.576119
0.588235	4.117647	14.470687
0.588235	4.411765	14.365754
0.588235	4.705882	14.262494
0.588235	5.000000	14.162010
0.588235	5.294118	14.065316
0.588235	5.588235	13.973331
0.588235	5.882353	13.886869
0.588235	6.176471	13.806634
0.588235	6.470588	13.733217
0.588235	6.764706	13.667089
0.588235	7.058824	13.608603
0.588235	7.352941	13.557991

0.882353	-7.352941	13.560307
0.882353	-7.058824	13.611178
0.882353	-6.764706	13.671120
0.882353	-6.470588	13.739883
0.882353	-6.176471	13.817081
0.882353	-5.882353	13.902199
0.882353	-5.588235	13.994589
0.882353	-5.294118	14.093479
0.882353	-5.000000	14.197968
0.882353	-4.705882	14.307040
0.882353	-4.411765	14.419565
0.882353	-4.117647	14.534314
0.882353	-3.823529	14.649967
0.882353	-3.529412	14.765135
0.882353	-3.235294	14.878374
0.882353	-2.941176	14.988210
0.882353	-2.647059	15.093162
0.882353	-2.352941	15.191770
0.882353	-2.058824	15.282624
0.882353	-1.764706	15.364392
0.882353	-1.470588	15.435848
0.882353	-1.176471	15.495901
0.882353	-0.882353	15.543621
0.882353	-0.588235	15.578258
0.882353	-0.294118	15.599263
0.882353	-0.000000	15.606302
0.882353	0.294118	15.599263
0.882353	0.588235	15.578258
0.882353	0.882353	15.543621
0.882353	1.176471	15.495901
0.882353	1.470588	15.435848
0.882353	1.764706	15.364392
0.882353	2.058824	15.282624
0.882353	2.352941	15.191770
0.882353	2.647059	15.093162
0.882353	2.941176	14.988210
0.882353	3.235294	14.878374
0.882353	3.529412	14.765135
0.882353	3.823529	14.649967
0.882353	4.117647	14.534314
0.882353	4.411765	14.419565
0.882353	4.705882	14.307040
0.882353	5.000000	14.197968
0.882353	5.294118	14.093479
0.882353	5.588235	13.994589
0.882353	5.882353	13.902199
0.882353	6.176471	13.817081
0.882353	6.470588	13.739883
0.882353	6.764706	13.671120
0.882353	7.058824	13.611178
0.882353	7.352941	13.560307

1.176471	-7.352941	13.553409
1.176471	-7.058824	13.604658
1.176471	-6.764706	13.666310
1.176471	-6.470588	13.738092
1.176471	-6.176471	13.819587
1.176471	-5.882353	13.910234
1.176471	-5.588235	14.009328
1.176471	-5.294118	14.116021
1.176471	-5.000000	14.229325
1.176471	-4.705882	14.348115
1.176471	-4.411765	14.471139
1.176471	-4.117647	14.597024
1.176471	-3.823529	14.724293
1.176471	-3.529412	14.851380
1.176471	-3.235294	14.976652
1.176471	-2.941176	15.098436
1.176471	-2.647059	15.215042
1.176471	-2.352941	15.324800
1.176471	-2.058824	15.426091
1.176471	-1.764706	15.517380
1.176471	-1.470588	15.597252
1.176471	-1.176471	15.664446
1.176471	-0.882353	15.717882
1.176471	-0.588235	15.756691
1.176471	-0.294118	15.780236
1.176471	-0.000000	15.788128
1.176471	0.294118	15.780236
1.176471	0.588235	15.756691
1.176471	0.882353	15.717882
1.176471	1.176471	15.664446
1.176471	1.470588	15.597252
1.176471	1.764706	15.517380
1.176471	2.058824	15.426091
1.176471	2.352941	15.324800
1.176471	2.647059	15.215042
1.176471	2.941176	15.098436
1.176471	3.235294	14.976652
1.176471	3.529412	14.851380
1.176471	3.823529	14.724293
1.176471	4.117647	14.597024
1.176471	4.411765	14.471139
1.176471	4.705882	14.348115
1.176471	5.000000	14.229325
1.176471	5.294118	14.116021
1.176471	5.588235	14.009328
1.176471	5.882353	13.910234
1.176471	6.176471	13.819587
1.176471	6.470588	13.738092
1.176471	6.764706	13.666310
1.176471	7.058824	13.604658
1.176471	7.352941	13.553409

1.470588	-7.352941	13.535955
1.470588	-7.058824	13.587713
1.470588	-6.764706	13.651346
1.470588	-6.470588	13.726564
1.470588	-6.176471	13.812917
1.470588	-5.882353	13.909798
1.470588	-5.588235	14.016443
1.470588	-5.294118	14.131929
1.470588	-5.000000	14.255173
1.470588	-4.705882	14.384937
1.470588	-4.411765	14.519833
1.470588	-4.117647	14.658335
1.470588	-3.823529	14.798789
1.470588	-3.529412	14.939431
1.470588	-3.235294	15.078417
1.470588	-2.941176	15.213842
1.470588	-2.647059	15.343778
1.470588	-2.352941	15.466312
1.470588	-2.058824	15.579579
1.470588	-1.764706	15.681809
1.470588	-1.470588	15.771365
1.470588	-1.176471	15.846783
1.470588	-0.882353	15.906808
1.470588	-0.588235	15.950430
1.470588	-0.294118	15.976906
1.470588	-0.000000	15.985783
1.470588	0.294118	15.976906
1.470588	0.588235	15.950430
1.470588	0.882353	15.906808
1.470588	1.176471	15.846783
1.470588	1.470588	15.771365
1.470588	1.764706	15.681809
1.470588	2.058824	15.579579
1.470588	2.352941	15.466312
1.470588	2.647059	15.343778
1.470588	2.941176	15.213842
1.470588	3.235294	15.078417
1.470588	3.529412	14.939431
1.470588	3.823529	14.798789
1.470588	4.117647	14.658335
1.470588	4.411765	14.519833
1.470588	4.705882	14.384937
1.470588	5.000000	14.255173
1.470588	5.294118	14.131929
1.470588	5.588235	14.016443
1.470588	5.882353	13.909798
1.470588	6.176471	13.812917
1.470588	6.470588	13.726564
1.470588	6.764706	13.651346
1.470588	7.058824	13.587713
1.470588	7.352941	13.535955

1.764706	-7.352941	13.506461
1.764706	-7.058824	13.558865
1.764706	-6.764706	13.624773
1.764706	-6.470588	13.703875
1.764706	-6.176471	13.795691
1.764706	-5.882353	13.899571
1.764706	-5.588235	14.014692
1.764706	-5.294118	14.140054
1.764706	-5.000000	14.274476
1.764706	-4.705882	14.416602
1.764706	-4.411765	14.564901
1.764706	-4.117647	14.717677
1.764706	-3.823529	14.873081
1.764706	-3.529412	15.029131
1.764706	-3.235294	15.183738
1.764706	-2.941176	15.334738
1.764706	-2.647059	15.479926
1.764706	-2.352941	15.617105
1.764706	-2.058824	15.744127
1.764706	-1.764706	15.858942
1.764706	-1.470588	15.959651
1.764706	-1.176471	16.044552
1.764706	-0.882353	16.112183
1.764706	-0.588235	16.161364
1.764706	-0.294118	16.191227
1.764706	-0.000000	16.201240
1.764706	0.294118	16.191227
1.764706	0.588235	16.161364
1.764706	0.882353	16.112183
1.764706	1.176471	16.044552
1.764706	1.470588	15.959651
1.764706	1.764706	15.858942
1.764706	2.058824	15.744127
1.764706	2.352941	15.617105
1.764706	2.647059	15.479926
1.764706	2.941176	15.334738
1.764706	3.235294	15.183738
1.764706	3.529412	15.029131
1.764706	3.823529	14.873081
1.764706	4.117647	14.717677
1.764706	4.411765	14.564901
1.764706	4.705882	14.416602
1.764706	5.000000	14.274476
1.764706	5.294118	14.140054
1.764706	5.588235	14.014692
1.764706	5.882353	13.899571
1.764706	6.176471	13.795691
1.764706	6.470588	13.703875
1.764706	6.764706	13.624773
1.764706	7.058824	13.558865
1.764706	7.352941	13.506461

2.058824	-7.352941	13.463288
2.058824	-7.058824	13.516484
2.058824	-6.764706	13.584979
2.058824	-6.470588	13.668443
2.058824	-6.176471	13.766372
2.058824	-5.882353	13.878074
2.058824	-5.588235	14.002672
2.058824	-5.294118	14.139088
2.058824	-5.000000	14.286046
2.058824	-4.705882	14.442067
2.058824	-4.411765	14.605468
2.058824	-4.117647	14.774369
2.058824	-3.823529	14.946709
2.058824	-3.529412	15.120260
2.058824	-3.235294	15.292660
2.058824	-2.941176	15.461445
2.058824	-2.647059	15.624092
2.058824	-2.352941	15.778073
2.058824	-2.058824	15.920905
2.058824	-1.764706	16.050213
2.058824	-1.470588	16.163786
2.058824	-1.176471	16.259638
2.058824	-0.882353	16.336061
2.058824	-0.588235	16.391673
2.058824	-0.294118	16.425455
2.058824	-0.000000	16.436785
2.058824	0.294118	16.425455
2.058824	0.588235	16.391673
2.058824	0.882353	16.336061
2.058824	1.176471	16.259638
2.058824	1.470588	16.163786
2.058824	1.764706	16.050213
2.058824	2.058824	15.920905
2.058824	2.352941	15.778073
2.058824	2.647059	15.624092
2.058824	2.941176	15.461445
2.058824	3.235294	15.292660
2.058824	3.529412	15.120260
2.058824	3.823529	14.946709
2.058824	4.117647	14.774369
2.058824	4.411765	14.605468
2.058824	4.705882	14.442067
2.058824	5.000000	14.286046
2.058824	5.294118	14.139088
2.058824	5.588235	14.002672
2.058824	5.882353	13.878074
2.058824	6.176471	13.766372
2.058824	6.470588	13.668443
2.058824	6.764706	13.584979
2.058824	7.058824	13.516484
2.058824	7.352941	13.463288

2.352941	-7.352941	13.404633
2.352941	-7.058824	13.458776
2.352941	-6.764706	13.530184
2.352941	-6.470588	13.618517
2.352941	-6.176471	13.723247
2.352941	-5.882353	13.843650
2.352941	-5.588235	13.978798
2.352941	-5.294118	14.127545
2.352941	-5.000000	14.288520
2.352941	-4.705882	14.460119
2.352941	-4.411765	14.640502
2.352941	-4.117647	14.827595
2.352941	-3.823529	15.019102
2.352941	-3.529412	15.212524
2.352941	-3.235294	15.405188
2.352941	-2.941176	15.594288
2.352941	-2.647059	15.776933
2.352941	-2.352941	15.950207
2.352941	-2.058824	16.111236
2.352941	-1.764706	16.257256
2.352941	-1.470588	16.385689
2.352941	-1.176471	16.494208
2.352941	-0.882353	16.580812
2.352941	-0.588235	16.643876
2.352941	-0.294118	16.682203
2.352941	-0.000000	16.695061
2.352941	0.294118	16.682203
2.352941	0.588235	16.643876
2.352941	0.882353	16.580812
2.352941	1.176471	16.494208
2.352941	1.470588	16.385689
2.352941	1.764706	16.257256
2.352941	2.058824	16.111236
2.352941	2.352941	15.950207
2.352941	2.647059	15.776933
2.352941	2.941176	15.594288
2.352941	3.235294	15.405188
2.352941	3.529412	15.212524
2.352941	3.823529	15.019102
2.352941	4.117647	14.827595
2.352941	4.411765	14.640502
2.352941	4.705882	14.460119
2.352941	5.000000	14.288520
2.352941	5.294118	14.127545
2.352941	5.588235	13.978798
2.352941	5.882353	13.843650
2.352941	6.176471	13.723247
2.352941	6.470588	13.618517
2.352941	6.764706	13.530184
2.352941	7.058824	13.458776
2.352941	7.352941	13.404633

2.647059	-7.352941	12.425212
2.647059	-7.058824	12.458060
2.647059	-6.764706	12.509502
2.647059	-6.470588	13.552162
2.647059	-6.176471	13.664414
2.647059	-5.882353	13.794446
2.647059	-5.588235	13.941288
2.647059	-5.294118	14.103736
2.647059	-5.000000	14.280331
2.647059	-4.705882	14.469349
2.647059	-4.411765	14.668788
2.647059	-4.117647	14.876372
2.647059	-3.823529	15.089551
2.647059	-3.529412	15.305523
2.647059	-3.235294	15.521266
2.647059	-2.941176	15.733582
2.647059	-2.647059	15.939151
2.647059	-2.352941	16.134605
2.647059	-2.058824	16.316606
2.647059	-1.764706	16.481930
2.647059	-1.470588	16.627557
2.647059	-1.176471	16.750758
2.647059	-0.882353	16.849175
2.647059	-0.588235	16.920894
2.647059	-0.294118	16.964503
2.647059	-0.000000	16.979136
2.647059	0.294118	16.964503
2.647059	0.588235	16.920894
2.647059	0.882353	16.849175
2.647059	1.176471	16.750758
2.647059	1.470588	16.627557
2.647059	1.764706	16.481930
2.647059	2.058824	16.316606
2.647059	2.352941	16.134605
2.647059	2.647059	15.939151
2.647059	2.941176	15.733582
2.647059	3.235294	15.521266
2.647059	3.529412	15.305523
2.647059	3.823529	15.089551
2.647059	4.117647	14.876372
2.647059	4.411765	14.668788
2.647059	4.705882	14.469349
2.647059	5.000000	14.280331
2.647059	5.294118	14.103736
2.647059	5.588235	13.941288
2.647059	5.882353	13.794446
2.647059	6.176471	13.664414
2.647059	6.470588	13.552162
2.647059	6.764706	12.509502
2.647059	7.058824	12.458060
2.647059	7.352941	12.425212

2.941176	-7.352941	12.363186
2.941176	-7.058824	12.397974
2.941176	-6.764706	12.453704
2.941176	-6.470588	12.529995
2.941176	-6.176471	12.626263
2.941176	-5.882353	12.741710
2.941176	-5.588235	13.888130
2.941176	-5.294118	14.065734
2.941176	-5.000000	14.259673
2.941176	-4.705882	14.468110
2.941176	-4.411765	14.688886
2.941176	-4.117647	14.919512
2.941176	-3.823529	15.157168
2.941176	-3.529412	15.398720
2.941176	-3.235294	15.640752
2.941176	-2.941176	15.879614
2.941176	-2.647059	16.111489
2.941176	-2.352941	16.332476
2.941176	-2.058824	16.538687
2.941176	-1.764706	16.726349
2.941176	-1.470588	16.891914
2.941176	-1.176471	17.032166
2.941176	-0.882353	17.144320
2.941176	-0.588235	17.226113
2.941176	-0.294118	17.275873
2.941176	-0.000000	17.292575
2.941176	0.294118	17.275873
2.941176	0.588235	17.226113
2.941176	0.882353	17.144320
2.941176	1.176471	17.032166
2.941176	1.470588	16.891914
2.941176	1.764706	16.726349
2.941176	2.058824	16.538687
2.941176	2.352941	16.332476
2.941176	2.647059	16.111489
2.941176	2.941176	15.879614
2.941176	3.235294	15.640752
2.941176	3.529412	15.398720
2.941176	3.823529	15.157168
2.941176	4.117647	14.919512
2.941176	4.411765	14.688886
2.941176	4.705882	14.468110
2.941176	5.000000	14.259673
2.941176	5.294118	14.065734
2.941176	5.588235	13.888130
2.941176	5.882353	12.741710
2.941176	6.176471	12.626263
2.941176	6.470588	12.529995
2.941176	6.764706	12.453704
2.941176	7.058824	12.397974
2.941176	7.352941	12.363186

3.235294	-7.352941	12.279992
3.235294	-7.058824	12.316914
3.235294	-6.764706	12.377314
3.235294	-6.470588	12.460823
3.235294	-6.176471	12.566876
3.235294	-5.882353	12.694688
3.235294	-5.588235	12.843225
3.235294	-5.294118	13.011171
3.235294	-5.000000	13.196891
3.235294	-4.705882	14.454475
3.235294	-4.411765	14.699078
3.235294	-4.117647	14.955569
3.235294	-3.823529	15.220842
3.235294	-3.529412	15.491399
3.235294	-3.235294	15.763380
3.235294	-2.941176	16.032618
3.235294	-2.647059	16.294715
3.235294	-2.352941	16.545143
3.235294	-2.058824	16.779355
3.235294	-1.764706	16.992920
3.235294	-1.470588	17.181656
3.235294	-1.176471	17.341758
3.235294	-0.882353	17.469927
3.235294	-0.588235	17.563474
3.235294	-0.294118	17.620416
3.235294	-0.000000	17.639534
3.235294	0.294118	17.620416
3.235294	0.588235	17.563474
3.235294	0.882353	17.469927
3.235294	1.176471	17.341758
3.235294	1.470588	17.181656
3.235294	1.764706	16.992920
3.235294	2.058824	16.779355
3.235294	2.352941	16.545143
3.235294	2.647059	16.294715
3.235294	2.941176	16.032618
3.235294	3.235294	15.763380
3.235294	3.529412	15.491399
3.235294	3.823529	15.220842
3.235294	4.117647	14.955569
3.235294	4.411765	14.699078
3.235294	4.705882	14.454475
3.235294	5.000000	13.196891
3.235294	5.294118	13.011171
3.235294	5.588235	12.843225
3.235294	5.882353	12.694688
3.235294	6.176471	12.566876
3.235294	6.470588	12.460823
3.235294	6.764706	12.377314
3.235294	7.058824	12.316914
3.235294	7.352941	12.279992

3.529412	-7.352941	12.173104
3.529412	-7.058824	12.212347
3.529412	-6.764706	12.277782
3.529412	-6.470588	12.369071
3.529412	-6.176471	12.485689
3.529412	-5.882353	12.626895
3.529412	-5.588235	12.791689
3.529412	-5.294118	12.978772
3.529412	-5.000000	13.186494
3.529412	-4.705882	13.412807
3.529412	-4.411765	13.655218
3.529412	-4.117647	13.910760
3.529412	-3.823529	15.279172
3.529412	-3.529412	15.582602
3.529412	-3.235294	15.888712
3.529412	-2.941176	16.192741
3.529412	-2.647059	16.489609
3.529412	-2.352941	16.774043
3.529412	-2.058824	17.040710
3.529412	-1.764706	17.284386
3.529412	-1.470588	17.500116
3.529412	-1.176471	17.683386
3.529412	-0.882353	17.830271
3.529412	-0.588235	17.937570
3.529412	-0.294118	18.002919
3.529412	-0.000000	18.024864
3.529412	0.294118	18.002919
3.529412	0.588235	17.937570
3.529412	0.882353	17.830271
3.529412	1.176471	17.683386
3.529412	1.470588	17.500116
3.529412	1.764706	17.284386
3.529412	2.058824	17.040710
3.529412	2.352941	16.774043
3.529412	2.647059	16.489609
3.529412	2.941176	16.192741
3.529412	3.235294	15.888712
3.529412	3.529412	15.582602
3.529412	3.823529	15.279172
3.529412	4.117647	13.910760
3.529412	4.411765	13.655218
3.529412	4.705882	13.412807
3.529412	5.000000	13.186494
3.529412	5.294118	12.978772
3.529412	5.588235	12.791689
3.529412	5.882353	12.626895
3.529412	6.176471	12.485689
3.529412	6.470588	12.369071
3.529412	6.764706	12.277782
3.529412	7.058824	12.212347
3.529412	7.352941	12.173104

3.823529	-7.352941	12.039829
3.823529	-7.058824	12.081562
3.823529	-6.764706	12.152365
3.823529	-6.470588	12.251953
3.823529	-6.176471	12.379873
3.823529	-5.882353	12.535463
3.823529	-5.588235	12.717806
3.823529	-5.294118	12.925668
3.823529	-5.000000	13.157432
3.823529	-4.705882	13.411032
3.823529	-4.411765	13.683886
3.823529	-4.117647	13.972839
3.823529	-3.823529	14.274127
3.823529	-3.529412	14.583364
3.823529	-3.235294	14.895564
3.823529	-2.941176	16.359990
3.823529	-2.647059	16.696929
3.823529	-2.352941	17.020726
3.823529	-2.058824	17.325102
3.823529	-1.764706	17.603869
3.823529	-1.470588	17.851136
3.823529	-1.176471	18.061522
3.823529	-0.882353	18.230340
3.823529	-0.588235	18.353770
3.823529	-0.294118	18.428985
3.823529	-0.000000	18.454251
3.823529	0.294118	18.428985
3.823529	0.588235	18.353770
3.823529	0.882353	18.230340
3.823529	1.176471	18.061522
3.823529	1.470588	17.851136
3.823529	1.764706	17.603869
3.823529	2.058824	17.325102
3.823529	2.352941	17.020726
3.823529	2.647059	16.696929
3.823529	2.941176	16.359990
3.823529	3.235294	14.895564
3.823529	3.529412	14.583364
3.823529	3.823529	14.274127
3.823529	4.117647	13.972839
3.823529	4.411765	13.683886
3.823529	4.705882	13.411032
3.823529	5.000000	13.157432
3.823529	5.294118	12.925668
3.823529	5.588235	12.717806
3.823529	5.882353	12.535463
3.823529	6.176471	12.379873
3.823529	6.470588	12.251953
3.823529	6.764706	12.152365
3.823529	7.058824	12.081562
3.823529	7.352941	12.039829

4.117647	-7.352941	11.877320
4.117647	-7.058824	11.921682
4.117647	-6.764706	11.998134
4.117647	-6.470588	12.106469
4.117647	-6.176471	12.246343
4.117647	-5.882353	12.417226
4.117647	-5.588235	12.618341
4.117647	-5.294118	12.848586
4.117647	-5.000000	13.106448
4.117647	-4.705882	13.389909
4.117647	-4.411765	13.696352
4.117647	-4.117647	14.022479
4.117647	-3.823529	14.364241
4.117647	-3.529412	14.716810
4.117647	-3.235294	15.074584
4.117647	-2.941176	15.431251
4.117647	-2.647059	15.779905
4.117647	-2.352941	16.113219
4.117647	-2.058824	17.635154
4.117647	-1.764706	17.954936
4.117647	-1.470588	18.239156
4.117647	-1.176471	18.481369
4.117647	-0.882353	18.675965
4.117647	-0.588235	18.818367
4.117647	-0.294118	18.905192
4.117647	-0.000000	18.934367
4.117647	0.294118	18.905192
4.117647	0.588235	18.818367
4.117647	0.882353	18.675965
4.117647	1.176471	18.481369
4.117647	1.470588	18.239156
4.117647	1.764706	17.954936
4.117647	2.058824	17.635154
4.117647	2.352941	16.113219
4.117647	2.647059	15.779905
4.117647	2.941176	15.431251
4.117647	3.235294	15.074584
4.117647	3.529412	14.716810
4.117647	3.823529	14.364241
4.117647	4.117647	14.022479
4.117647	4.411765	13.696352
4.117647	4.705882	13.389909
4.117647	5.000000	13.106448
4.117647	5.294118	12.848586
4.117647	5.588235	12.618341
4.117647	5.882353	12.417226
4.117647	6.176471	12.246343
4.117647	6.470588	12.106469
4.117647	6.764706	11.998134
4.117647	7.058824	11.921682
4.117647	7.352941	11.877320

4.411765	-7.352941	11.682605
4.411765	-7.058824	11.729696
4.411765	-6.764706	11.811999
4.411765	-6.470588	11.929417
4.411765	-6.176471	12.081763
4.411765	-5.882353	12.268703
4.411765	-5.588235	12.489677
4.411765	-5.294118	12.743802
4.411765	-5.000000	13.029764
4.411765	-4.705882	13.345688
4.411765	-4.411765	13.689010
4.411765	-4.117647	14.056352
4.411765	-3.823529	14.443419
4.411765	-3.529412	14.844931
4.411765	-3.235294	15.254612
4.411765	-2.941176	15.665244
4.411765	-2.647059	16.068803
4.411765	-2.352941	16.456672
4.411765	-2.058824	16.819921
4.411765	-1.764706	17.149633
4.411765	-1.470588	17.437251
4.411765	-1.176471	18.949008
4.411765	-0.882353	19.173986
4.411765	-0.588235	19.338760
4.411765	-0.294118	19.439280
4.411765	-0.000000	19.473065
4.411765	0.294118	19.439280
4.411765	0.588235	19.338760
4.411765	0.882353	19.173986
4.411765	1.176471	18.949008
4.411765	1.470588	17.437251
4.411765	1.764706	17.149633
4.411765	2.058824	16.819921
4.411765	2.352941	16.456672
4.411765	2.647059	16.068803
4.411765	2.941176	15.665244
4.411765	3.235294	15.254612
4.411765	3.529412	14.844931
4.411765	3.823529	14.443419
4.411765	4.117647	14.056352
4.411765	4.411765	13.689010
4.411765	4.705882	13.345688
4.411765	5.000000	13.029764
4.411765	5.294118	12.743802
4.411765	5.588235	12.489677
4.411765	5.882353	12.268703
4.411765	6.176471	12.081763
4.411765	6.470588	11.929417
4.411765	6.764706	11.811999
4.411765	7.058824	11.729696
4.411765	7.352941	11.682605

4.705882	-7.352941	11.452628
4.705882	-7.058824	11.502489
4.705882	-6.764706	11.590733
4.705882	-6.470588	11.717412
4.705882	-6.176471	11.882553
4.705882	-5.882353	12.086094
4.705882	-5.588235	12.327789
4.705882	-5.294118	12.607089
4.705882	-5.000000	12.923004
4.705882	-4.705882	13.273934
4.705882	-4.411765	13.657493
4.705882	-4.117647	14.070334
4.705882	-3.823529	14.507982
4.705882	-3.529412	14.964724
4.705882	-3.235294	15.433552
4.705882	-2.941176	15.906209
4.705882	-2.647059	16.373338
4.705882	-2.352941	16.824746
4.705882	-2.058824	17.249768
4.705882	-1.764706	17.637689
4.705882	-1.470588	17.978202
4.705882	-1.176471	18.261837
4.705882	-0.882353	18.480340
4.705882	-0.588235	18.626975
4.705882	-0.294118	20.040380
4.705882	-0.000000	20.079614
4.705882	0.294118	20.040380
4.705882	0.588235	18.626975
4.705882	0.882353	18.480340
4.705882	1.176471	18.261837
4.705882	1.470588	17.978202
4.705882	1.764706	17.637689
4.705882	2.058824	17.249768
4.705882	2.352941	16.824746
4.705882	2.647059	16.373338
4.705882	2.941176	15.906209
4.705882	3.235294	15.433552
4.705882	3.529412	14.964724
4.705882	3.823529	14.507982
4.705882	4.117647	14.070334
4.705882	4.411765	13.657493
4.705882	4.705882	13.273934
4.705882	5.000000	12.923004
4.705882	5.294118	12.607089
4.705882	5.588235	12.327789
4.705882	5.882353	12.086094
4.705882	6.176471	11.882553
4.705882	6.470588	11.717412
4.705882	6.764706	11.590733
4.705882	7.058824	11.502489
4.705882	7.352941	11.452628

5.000000	-7.352941	11.184306
5.000000	-7.058824	11.236903
5.000000	-6.764706	11.331030
5.000000	-6.470588	11.466929
5.000000	-6.176471	11.644913
5.000000	-5.882353	11.865282
5.000000	-5.588235	12.128221
5.000000	-5.294118	12.433661
5.000000	-5.000000	12.781099
5.000000	-4.705882	13.169389
5.000000	-4.411765	13.596508
5.000000	-4.117647	14.059298
5.000000	-3.823529	14.553234
5.000000	-3.529412	15.072220
5.000000	-3.235294	15.608478
5.000000	-2.941176	16.152560
5.000000	-2.647059	16.693512
5.000000	-2.352941	17.219199
5.000000	-2.058824	17.716783
5.000000	-1.764706	18.173295
5.000000	-1.470588	18.576238
5.000000	-1.176471	18.914155
5.000000	-0.882353	19.177111
5.000000	-0.588235	19.357049
5.000000	-0.294118	19.448031
5.000000	-0.000000	18.127788
5.000000	0.294118	19.448031
5.000000	0.588235	19.357049
5.000000	0.882353	19.177111
5.000000	1.176471	18.914155
5.000000	1.470588	18.576238
5.000000	1.764706	18.173295
5.000000	2.058824	17.716783
5.000000	2.352941	17.219199
5.000000	2.647059	16.693512
5.000000	2.941176	16.152560
5.000000	3.235294	15.608478
5.000000	3.529412	15.072220
5.000000	3.823529	14.553234
5.000000	4.117647	14.059298
5.000000	4.411765	13.596508
5.000000	4.705882	13.169389
5.000000	5.000000	12.781099
5.000000	5.294118	12.433661
5.000000	5.588235	12.128221
5.000000	5.882353	11.865282
5.000000	6.176471	11.644913
5.000000	6.470588	11.466929
5.000000	6.764706	11.331030
5.000000	7.058824	11.236903
5.000000	7.352941	11.184306

5.294118	-7.352941	10.874607
5.294118	-7.058824	10.929808
5.294118	-6.764706	11.029565
5.294118	-6.470588	11.174363
5.294118	-6.176471	11.364869
5.294118	-5.882353	11.601856
5.294118	-5.588235	11.886082
5.294118	-5.294118	12.218129
5.294118	-5.000000	12.598194
5.294118	-4.705882	13.025828
5.294118	-4.411765	13.499620
5.294118	-4.117647	14.016854
5.294118	-3.823529	14.573152
5.294118	-3.529412	15.162159
5.294118	-3.235294	15.775323
5.294118	-2.941176	16.401842
5.294118	-2.647059	17.028830
5.294118	-2.352941	17.641731
5.294118	-2.058824	18.224951
5.294118	-1.764706	18.762647
5.294118	-1.470588	19.239555
5.294118	-1.176471	19.641750
5.294118	-0.882353	18.564701
5.294118	-0.588235	18.837136
5.294118	-0.294118	19.003326
5.294118	-0.000000	19.059178
5.294118	0.294118	19.003326
5.294118	0.588235	18.837136
5.294118	0.882353	18.564701
5.294118	1.176471	19.641750
5.294118	1.470588	19.239555
5.294118	1.764706	18.762647
5.294118	2.058824	18.224951
5.294118	2.352941	17.641731
5.294118	2.647059	17.028830
5.294118	2.941176	16.401842
5.294118	3.235294	15.775323
5.294118	3.529412	15.162159
5.294118	3.823529	14.573152
5.294118	4.117647	14.016854
5.294118	4.411765	13.499620
5.294118	4.705882	13.025828
5.294118	5.000000	12.598194
5.294118	5.294118	12.218129
5.294118	5.588235	11.886082
5.294118	5.882353	11.601856
5.294118	6.176471	11.364869
5.294118	6.470588	11.174363
5.294118	6.764706	11.029565
5.294118	7.058824	10.929808
5.294118	7.352941	10.874607

5.588235	-7.352941	10.520644
5.588235	-7.058824	10.578196
5.588235	-6.764706	10.683092
5.588235	-6.470588	10.836105
5.588235	-6.176471	11.038343
5.588235	-5.882353	11.291165
5.588235	-5.588235	11.596060
5.588235	-5.294118	11.954472
5.588235	-5.000000	12.367563
5.588235	-4.705882	12.835890
5.588235	-4.411765	13.359012
5.588235	-4.117647	13.935013
5.588235	-3.823529	14.559991
5.588235	-3.529412	15.227561
5.588235	-3.235294	15.928459
5.588235	-2.941176	16.650369
5.588235	-2.647059	17.378059
5.588235	-2.352941	18.093901
5.588235	-2.058824	18.778742
5.588235	-1.764706	17.937660
5.588235	-1.470588	18.562870
5.588235	-1.176471	19.098147
5.588235	-0.882353	19.529325
5.588235	-0.588235	19.845251
5.588235	-0.294118	20.037966
5.588235	-0.000000	20.102728
5.588235	0.294118	20.037966
5.588235	0.588235	19.845251
5.588235	0.882353	19.529325
5.588235	1.176471	19.098147
5.588235	1.470588	18.562870
5.588235	1.764706	17.937660
5.588235	2.058824	18.778742
5.588235	2.352941	18.093901
5.588235	2.647059	17.378059
5.588235	2.941176	16.650369
5.588235	3.235294	15.928459
5.588235	3.529412	15.227561
5.588235	3.823529	14.559991
5.588235	4.117647	13.935013
5.588235	4.411765	13.359012
5.588235	4.705882	12.835890
5.588235	5.000000	12.367563
5.588235	5.294118	11.954472
5.588235	5.588235	11.596060
5.588235	5.882353	11.291165
5.588235	6.176471	11.038343
5.588235	6.470588	10.836105
5.588235	6.764706	10.683092
5.588235	7.058824	10.578196
5.588235	7.352941	10.520644

5.882353	-7.352941	10.119798
5.882353	-7.058824	10.179304
5.882353	-6.764706	10.288557
5.882353	-6.470588	10.448666
5.882353	-6.176471	10.661257
5.882353	-5.882353	10.928395
5.882353	-5.588235	11.252474
5.882353	-5.294118	11.636039
5.882353	-5.000000	12.081530
5.882353	-4.705882	12.590915
5.882353	-4.411765	13.165193
5.882353	-4.117647	13.803777
5.882353	-3.823529	14.503753
5.882353	-3.529412	15.259116
5.882353	-3.235294	16.060088
5.882353	-2.941176	16.892706
5.882353	-2.647059	16.170180
5.882353	-2.352941	17.077232
5.882353	-2.058824	17.948022
5.882353	-1.764706	18.758407
5.882353	-1.470588	19.485291
5.882353	-1.176471	20.108095
5.882353	-0.882353	20.609741
5.882353	-0.588235	20.977114
5.882353	-0.294118	21.201086
5.882353	-0.000000	21.276326
5.882353	0.294118	21.201086
5.882353	0.588235	20.977114
5.882353	0.882353	20.609741
5.882353	1.176471	20.108095
5.882353	1.470588	19.485291
5.882353	1.764706	18.758407
5.882353	2.058824	17.948022
5.882353	2.352941	17.077232
5.882353	2.647059	16.170180
5.882353	2.941176	16.892706
5.882353	3.235294	16.060088
5.882353	3.529412	15.259116
5.882353	3.823529	14.503753
5.882353	4.117647	13.803777
5.882353	4.411765	13.165193
5.882353	4.705882	12.590915
5.882353	5.000000	12.081530
5.882353	5.294118	11.636039
5.882353	5.588235	11.252474
5.882353	5.882353	10.928395
5.882353	6.176471	10.661257
5.882353	6.470588	10.448666
5.882353	6.764706	10.288557
5.882353	7.058824	10.179304
5.882353	7.352941	10.119798

6.176471	-7.352941	9.669862
6.176471	-7.058824	9.730760
6.176471	-6.764706	9.843250
6.176471	-6.470588	10.008821
6.176471	-6.176471	10.229681
6.176471	-5.882353	10.508713
6.176471	-5.588235	10.849387
6.176471	-5.294118	11.255604
6.176471	-5.000000	11.731447
6.176471	-4.705882	12.280783
6.176471	-4.411765	12.906684
6.176471	-4.117647	13.610631
6.176471	-3.823529	14.391492
6.176471	-3.529412	13.569613
6.176471	-3.235294	14.564181
6.176471	-2.941176	15.599821
6.176471	-2.647059	16.655407
6.176471	-2.352941	17.704556
6.176471	-2.058824	18.717402
6.176471	-1.764706	19.663088
6.176471	-1.470588	20.512394
6.176471	-1.176471	21.239872
6.176471	-0.882353	21.825102
6.176471	-0.588235	22.253011
6.176471	-0.294118	22.513531
6.176471	-0.000000	22.600980
6.176471	0.294118	22.513531
6.176471	0.588235	22.253011
6.176471	0.882353	21.825102
6.176471	1.176471	21.239872
6.176471	1.470588	20.512394
6.176471	1.764706	19.663088
6.176471	2.058824	18.717402
6.176471	2.352941	17.704556
6.176471	2.647059	16.655407
6.176471	2.941176	15.599821
6.176471	3.235294	14.564181
6.176471	3.529412	13.569613
6.176471	3.823529	14.391492
6.176471	4.117647	13.610631
6.176471	4.411765	12.906684
6.176471	4.705882	12.280783
6.176471	5.000000	11.731447
6.176471	5.294118	11.255604
6.176471	5.588235	10.849387
6.176471	5.882353	10.508713
6.176471	6.176471	10.229681
6.176471	6.470588	10.008821
6.176471	6.764706	9.843250
6.176471	7.058824	9.730760
6.176471	7.352941	9.669862

6.470588	-7.352941	9.169202
6.470588	-7.058824	9.230746
6.470588	-6.764706	9.344984
6.470588	-6.470588	9.513800
6.470588	-6.176471	9.740032
6.470588	-5.882353	10.027464
6.470588	-5.588235	10.380789
6.470588	-5.294118	10.805513
6.470588	-5.000000	11.307745
6.470588	-4.705882	11.893827
6.470588	-4.411765	10.773381
6.470588	-4.117647	11.636529
6.470588	-3.823529	12.588969
6.470588	-3.529412	13.628740
6.470588	-3.235294	14.747415
6.470588	-2.941176	15.928457
6.470588	-2.647059	17.146470
6.470588	-2.352941	18.368014
6.470588	-2.058824	19.554231
6.470588	-1.764706	20.664807
6.470588	-1.470588	21.662188
6.470588	-1.176471	22.514807
6.470588	-0.882353	23.198625
6.470588	-0.588235	23.697026
6.470588	-0.294118	23.999681
6.470588	-0.000000	24.101128
6.470588	0.294118	23.999681
6.470588	0.588235	23.697026
6.470588	0.882353	23.198625
6.470588	1.176471	22.514807
6.470588	1.470588	21.662188
6.470588	1.764706	20.664807
6.470588	2.058824	19.554231
6.470588	2.352941	18.368014
6.470588	2.647059	17.146470
6.470588	2.941176	15.928457
6.470588	3.235294	14.747415
6.470588	3.529412	13.628740
6.470588	3.823529	12.588969
6.470588	4.117647	11.636529
6.470588	4.411765	10.773381
6.470588	4.705882	11.893827
6.470588	5.000000	11.307745
6.470588	5.294118	10.805513
6.470588	5.588235	10.380789
6.470588	5.882353	10.027464
6.470588	6.176471	9.740032
6.470588	6.470588	9.513800
6.470588	6.764706	9.344984
6.470588	7.058824	9.230746
6.470588	7.352941	9.169202

6.764706	-7.352941	8.616941
6.764706	-7.058824	8.678197
6.764706	-6.764706	8.792299
6.764706	-6.470588	8.961522
6.764706	-6.176471	9.189336
6.764706	-5.882353	9.480459
6.764706	-5.588235	9.840899
6.764706	-5.294118	8.340776
6.764706	-5.000000	8.972966
6.764706	-4.705882	9.690697
6.764706	-4.411765	10.504677
6.764706	-4.117647	11.424773
6.764706	-3.823529	12.458309
6.764706	-3.529412	13.607583
6.764706	-3.235294	14.866763
6.764706	-2.941176	16.218729
6.764706	-2.647059	17.633056
6.764706	-2.352941	19.066551
6.764706	-2.058824	20.467189
6.764706	-1.764706	21.780769
6.764706	-1.470588	22.958047
6.764706	-1.176471	23.959812
6.764706	-0.882353	24.758619
6.764706	-0.588235	25.337586
6.764706	-0.294118	25.687647
6.764706	-0.000000	25.804710
6.764706	0.294118	25.687647
6.764706	0.588235	25.337586
6.764706	0.882353	24.758619
6.764706	1.176471	23.959812
6.764706	1.470588	22.958047
6.764706	1.764706	21.780769
6.764706	2.058824	20.467189
6.764706	2.352941	19.066551
6.764706	2.647059	17.633056
6.764706	2.941176	16.218729
6.764706	3.235294	14.866763
6.764706	3.529412	13.607583
6.764706	3.823529	12.458309
6.764706	4.117647	11.424773
6.764706	4.411765	10.504677
6.764706	4.705882	9.690697
6.764706	5.000000	8.972966
6.764706	5.294118	8.340776
6.764706	5.588235	9.840899
6.764706	5.882353	9.480459
6.764706	6.176471	9.189336
6.764706	6.470588	8.961522
6.764706	6.764706	8.792299
6.764706	7.058824	8.678197
6.764706	7.352941	8.616941

7.058824	-7.352941	8.013142
7.058824	-7.058824	8.072993
7.058824	-6.764706	8.184693
7.058824	-6.470588	8.350861
7.058824	-6.176471	6.473099
7.058824	-5.882353	6.894381
7.058824	-5.588235	7.375061
7.058824	-5.294118	7.925713
7.058824	-5.000000	8.558688
7.058824	-4.705882	9.288093
7.058824	-4.411765	10.129453
7.058824	-4.117647	11.098761
7.058824	-3.823529	12.210557
7.058824	-3.529412	13.474611
7.058824	-3.235294	14.891032
7.058824	-2.941176	16.444407
7.058824	-2.647059	18.098918
7.058824	-2.352941	19.797566
7.058824	-2.058824	21.468095
7.058824	-1.764706	23.034810
7.058824	-1.470588	24.431467
7.058824	-1.176471	25.609575
7.058824	-0.882353	26.539758
7.058824	-0.588235	27.207855
7.058824	-0.294118	27.609069
7.058824	-0.000000	27.742753
7.058824	0.294118	27.609069
7.058824	0.588235	27.207855
7.058824	0.882353	26.539758
7.058824	1.176471	25.609575
7.058824	1.470588	24.431467
7.058824	1.764706	23.034810
7.058824	2.058824	21.468095
7.058824	2.352941	19.797566
7.058824	2.647059	18.098918
7.058824	2.941176	16.444407
7.058824	3.235294	14.891032
7.058824	3.529412	13.474611
7.058824	3.823529	12.210557
7.058824	4.117647	11.098761
7.058824	4.411765	10.129453
7.058824	4.705882	9.288093
7.058824	5.000000	8.558688
7.058824	5.294118	7.925713
7.058824	5.588235	7.375061
7.058824	5.882353	6.894381
7.058824	6.176471	6.473099
7.058824	6.470588	8.350861
7.058824	6.764706	8.184693
7.058824	7.058824	8.072993
7.058824	7.352941	8.013142

7.352941	-7.352941	7.358993
7.352941	-7.058824	5.116847
7.352941	-6.764706	5.386437
7.352941	-6.470588	5.691778
7.352941	-6.176471	6.039540
7.352941	-5.882353	6.437887
7.352941	-5.588235	6.896830
7.352941	-5.294118	7.428629
7.352941	-5.000000	8.048230
7.352941	-4.705882	8.773641
7.352941	-4.411765	9.626079
7.352941	-4.117647	10.629511
7.352941	-3.823529	11.808974
7.352941	-3.529412	13.186667
7.352941	-3.235294	14.774828
7.352941	-2.941176	16.565218
7.352941	-2.647059	18.517911
7.352941	-2.352941	20.556092
7.352941	-2.058824	22.574537
7.352941	-1.764706	24.462083
7.352941	-1.470588	26.126775
7.352941	-1.176471	27.509849
7.352941	-0.882353	28.584518
7.352941	-0.588235	29.345641
7.352941	-0.294118	29.798091
7.352941	-0.000000	29.948050
7.352941	0.294118	29.798091
7.352941	0.588235	29.345641
7.352941	0.882353	28.584518
7.352941	1.176471	27.509849
7.352941	1.470588	26.126775
7.352941	1.764706	24.462083
7.352941	2.058824	22.574537
7.352941	2.352941	20.556092
7.352941	2.647059	18.517911
7.352941	2.941176	16.565218
7.352941	3.235294	14.774828
7.352941	3.529412	13.186667
7.352941	3.823529	11.808974
7.352941	4.117647	10.629511
7.352941	4.411765	9.626079
7.352941	4.705882	8.773641
7.352941	5.000000	8.048230
7.352941	5.294118	7.428629
7.352941	5.588235	6.896830
7.352941	5.882353	6.437887
7.352941	6.176471	6.039540
7.352941	6.470588	5.691778
7.352941	6.764706	5.386437
7.352941	7.058824	5.116847
7.352941	7.352941	7.358993

